0.9098643733857312
0.8841873658733409
0.8484901645678729
0.8857085428407386
0.8617084018305835
0.8525713881776684
0.8402981460640423
0.8572355625238597
0.8186689936046648
0.7492341968621076
0.8922978991638514
0.8945032571268368
0.7236234392324696
0.8303745983004729
0.7882959989059898
0.7256187775480588
0.7869856481252975
0.7813393213297938
0.8605974164070724
0.7209369725698349
0.745122693327516
0.7883650027251433
0.7881129991307705
0.7580368696277536
0.8808321627757141
0.8249939196489453
0.8043272857172877
0.8921744670763516
0.8507737474437443
0.8708569151861167
0.8029752282261283
0.9142406761028138
0.8930671930268939
0.8694652540906016
0.8787317864299379
0.8790414423163482
0.900241442384192
0.8613317081522067
0.9723412245979516
0.9521435507450797
0.7200933241293787
0.7285610716140403
0.9027306523258442
0.907973587116869
0.8193482948911243
0.66596511149076
